0.traj 2.7721524090240903 21.602082322835802 60
1.traj 3.210602106021061 57.856165838057194 60
2.traj 3.6484621096210974 21.69600122550148 60
3.traj 4.246923094230943 14.97251445029257 60
4.traj 4.885316353163532 16.489893502944476 60
5.traj 5.534055965559656 14.067920843593374 60
6.traj 6.351476014760148 6.939371220177864 60
7.traj 7.26939519395194 8.34987684002631 60
8.traj 8.144882698826988 8.34987684002631 60
9.traj 9.13708637086371 5.204507843163671 60
10.traj 10.254376293762938 5.050861981039125 60
11.traj 11.378060030600306 5.086519949123289 60
12.traj 12.635665106651066 3.2958265980390937 60
13.traj 13.916208224582245 4.694658845220659 60
